1623033362717 0.07803905010223389 0
1623033362781 0.1333332508802414 0
1623033362785 0.09044839441776276 0
1623033362799 0.09845113754272461 1
1623033362802 0.09693243354558945 1
1623033362804 0.07738431543111801 1
1623033362813 0.08742447942495346 2
1623033362816 0.0745154395699501 2
1623033362818 0.1361115425825119 2
1623033362827 0.08214421570301056 3
1623033362830 0.07991284877061844 3
1623033362833 0.049875952303409576 3
1623033362841 0.0823994129896164 4
1623033362845 0.09729962050914764 4
1623033362847 0.10799527168273926 4
1623033362856 0.06681789457798004 5
1623033362859 0.0906674936413765 5
1623033362862 0.0684325248003006 5
1623033362872 0.08928017318248749 6
1623033362875 0.08249681442975998 6
1623033362877 0.08936596661806107 6
1623033362886 0.08790438622236252 7
1623033362889 0.06782100349664688 7
1623033362893 0.054493192583322525 7
1623033362905 0.09249222278594971 8
1623033362908 0.08135072886943817 8
1623033362911 0.1080094650387764 8
1623033362919 0.07387425005435944 9
1623033362923 0.07951103895902634 9
1623033362926 0.0648442953824997 9
1623033362934 0.08517894148826599 10
1623033362938 0.10198501497507095 10
1623033362940 0.07476568967103958 10
1623033362948 0.0843363106250763 11
1623033362952 0.08555412292480469 11
1623033362954 0.11155205965042114 11
1623033362963 0.07026787847280502 12
1623033362967 0.08741174638271332 12
1623033362969 0.09926220029592514 12
1623033362978 0.08313757926225662 13
1623033362982 0.08567722141742706 13
1623033362984 0.07956498116254807 13
1623033362993 0.07320723682641983 14
1623033362996 0.0784141793847084 14
1623033362999 0.05680137872695923 14
1623033363008 0.08912070095539093 15
1623033363013 0.08820261061191559 15
1623033363015 0.09654048830270767 15
1623033363024 0.07997334003448486 16
1623033363027 0.08315813541412354 16
1623033363030 0.08923710137605667 16
1623033363039 0.07065332680940628 17
1623033363042 0.09393101185560226 17
1623033363044 0.07187820225954056 17
1623033363053 0.08487707376480103 18
1623033363056 0.08496697247028351 18
1623033363059 0.07964730262756348 18
1623033363074 0.07471594214439392 19
1623033363077 0.080938421189785 19
1623033363080 0.0424252450466156 19
1623033363088 0.06835884600877762 20
1623033363092 0.08666926622390747 20
1623033363095 0.08873747289180756 20
1623033363103 0.0768902525305748 21
1623033363107 0.07363095879554749 21
1623033363109 0.07997217029333115 21
1623033363117 0.0798187255859375 22
1623033363121 0.07395199686288834 22
1623033363124 0.058185212314128876 22
1623033363133 0.07422377169132233 23
1623033363136 0.07613321393728256 23
1623033363139 0.08452941477298737 23
1623033363148 0.08026129007339478 24
1623033363151 0.07116897404193878 24
1623033363154 0.0560285747051239 24
1623033363163 0.07498425990343094 25
1623033363166 0.07340823858976364 25
1623033363172 0.07365056127309799 25
1623033363183 0.07225195318460464 26
1623033363188 0.07660394161939621 26
1623033363192 0.085332490503788 26
1623033363202 0.07691603899002075 27
1623033363205 0.07180014997720718 27
1623033363208 0.08865968883037567 27
1623033363218 0.06950636953115463 28
1623033363221 0.07881680130958557 28
1623033363224 0.06800967454910278 28
1623033363233 0.07915162295103073 29
1623033363237 0.07210036367177963 29
1623033363239 0.0439087375998497 29
1623033363248 0.07133528590202332 30
1623033363252 0.0789741575717926 30
1623033363254 0.0537554994225502 30
1623033363264 0.07821954786777496 31
1623033363268 0.07075171172618866 31
1623033363286 0.07079219073057175 31
1623033363300 0.08122111111879349 32
1623033363303 0.0682372972369194 32
1623033363306 0.06711149960756302 32
1623033363315 0.07327701151371002 33
1623033363319 0.07584938406944275 33
1623033363322 0.0741410180926323 33
1623033363331 0.08489340543746948 34
1623033363334 0.06462792307138443 34
1623033363337 0.06516347080469131 34
1623033363346 0.07321962714195251 35
1623033363349 0.07566901296377182 35
1623033363352 0.04900166764855385 35
1623033363362 0.07533830404281616 36
1623033363366 0.07649878412485123 36
1623033363368 0.02712256647646427 36
1623033363377 0.06815037876367569 37
1623033363381 0.08031797409057617 37
1623033363384 0.07252119481563568 37
1623033363393 0.07073985040187836 38
1623033363397 0.07799894362688065 38
1623033363399 0.07160424441099167 38
1623033363408 0.08112256973981857 39
1623033363412 0.06768415123224258 39
1623033363415 0.06004497781395912 39
1623033363424 0.07367512583732605 40
1623033363427 0.07156822830438614 40
1623033363430 0.09971433877944946 40
1623033363439 0.07604875415563583 41
1623033363443 0.07204738259315491 41
1623033363445 0.0687185674905777 41
1623033363454 0.06823678314685822 42
1623033363458 0.07842212915420532 42
1623033363461 0.06787572056055069 42
1623033363469 0.07022810727357864 43
1623033363473 0.07954141497612 43
1623033363476 0.06329438090324402 43
1623033363488 0.08291228860616684 44
1623033363492 0.06841041147708893 44
1623033363494 0.05929907038807869 44
1623033363503 0.07351690530776978 45
1623033363506 0.07229011505842209 45
1623033363509 0.09185312688350677 45
1623033363518 0.06644302606582642 46
1623033363521 0.08027411252260208 46
1623033363524 0.06873861700296402 46
1623033363533 0.06987499445676804 47
1623033363536 0.07469532638788223 47
1623033363539 0.0956452339887619 47
1623033363547 0.07293562591075897 48
1623033363551 0.07086223363876343 48
1623033363553 0.09945540875196457 48
1623033363562 0.07054957747459412 49
1623033363565 0.07886213809251785 49
1623033363568 0.03773796930909157 49
1623033363577 0.07544960826635361 50
1623033363580 0.06969635933637619 50
1623033363583 0.07834746688604355 50
1623033363592 0.06868360191583633 51
1623033363596 0.07818673551082611 51
1623033363598 0.07008766382932663 51
1623033363607 0.06985030323266983 52
1623033363611 0.0777975469827652 52
1623033363613 0.06579606980085373 52
1623033363622 0.076151542365551 53
1623033363625 0.07296682894229889 53
1623033363628 0.06429309397935867 53
1623033363637 0.08532550930976868 54
1623033363641 0.06929758191108704 54
1623033363643 0.07249019294977188 54
1623033363654 0.07584477961063385 55
1623033363657 0.07487474381923676 55
1623033363660 0.04226052016019821 55
1623033363685 0.0729089304804802 56
1623033363689 0.08020415902137756 56
1623033363691 0.07015836238861084 56
1623033363700 0.08281080424785614 57
1623033363703 0.07126902788877487 57
1623033363706 0.042433056980371475 57
1623033363715 0.06606943160295486 58
1623033363718 0.08238772302865982 58
1623033363721 0.06302757561206818 58
1623033363730 0.0716775581240654 59
1623033363735 0.07838296890258789 59
1623033363738 0.08880896121263504 59
1623033363747 0.0678538978099823 60
1623033363750 0.07289081066846848 60
1623033363753 0.12074192613363266 60
1623033363762 0.07628384232521057 61
1623033363765 0.0717993825674057 61
1623033363768 0.0686507597565651 61
1623033363784 0.07740221917629242 62
1623033363791 0.06802665442228317 62
1623033363798 0.07144694775342941 62
1623033363807 0.06665792316198349 63
1623033363821 0.07798662036657333 63
1623033363824 0.07477736473083496 63
1623033363846 0.07249435037374496 64
1623033363850 0.06923945993185043 64
1623033363865 0.09990453720092773 64
1623033363882 0.06761101633310318 65
1623033363885 0.07966988533735275 65
1623033363891 0.05781320482492447 65
1623033363901 0.07841642946004868 66
1623033363905 0.06755875796079636 66
1623033363907 0.06986720860004425 66
1623033363916 0.07428428530693054 67
1623033363920 0.07029078155755997 67
1623033363922 0.06751616299152374 67
1623033363930 0.07250557839870453 68
1623033363934 0.07068858295679092 68
1623033363936 0.07841336727142334 68
1623033363945 0.07871812582015991 69
1623033363948 0.0651511400938034 69
1623033363951 0.07913410663604736 69
1623033363959 0.0765124261379242 70
1623033363963 0.07028809189796448 70
1623033363970 0.11766774952411652 70
1623033363990 0.07628753036260605 71
1623033363997 0.06420320272445679 71
1623033364000 0.09119437634944916 71
1623033364014 0.06877987086772919 72
1623033364018 0.0766574814915657 72
1623033364020 0.09063079208135605 72
1623033364036 0.07077737897634506 73
1623033364048 0.07862614840269089 73
1623033364051 0.07462827116250992 73
1623033364061 0.07721465080976486 74
1623033364065 0.07019615918397903 74
1623033364068 0.049538832157850266 74
1623033364079 0.07103394716978073 75
1623033364086 0.07305220514535904 75
1623033364089 0.07067599147558212 75
1623033364097 0.07346440851688385 76
1623033364101 0.07289718091487885 76
1623033364134 0.04392554983496666 76
1623033364143 0.06520047783851624 77
1623033364146 0.07912548631429672 77
1623033364149 0.07338858395814896 77
1623033364157 0.07101846486330032 78
1623033364160 0.07160022109746933 78
1623033364162 0.08147263526916504 78
1623033364170 0.06947292387485504 79
1623033364174 0.07575128227472305 79
1623033364176 0.058900680392980576 79
1623033364184 0.07726603746414185 80
1623033364187 0.06671524792909622 80
1623033364190 0.07293958961963654 80
1623033364198 0.08291150629520416 81
1623033364201 0.06470844894647598 81
1623033364204 0.03223464637994766 81
1623033364212 0.07529779523611069 82
1623033364215 0.06594466418027878 82
1623033364218 0.08755708485841751 82
1623033364226 0.07451334595680237 83
1623033364229 0.0719742476940155 83
1623033364232 0.04799819737672806 83
1623033364240 0.06955800950527191 84
1623033364243 0.07613664865493774 84
1623033364245 0.05434936285018921 84
1623033364254 0.06570316851139069 85
1623033364257 0.07930488884449005 85
1623033364259 0.07277337461709976 85
1623033364267 0.07085628062486649 86
1623033364271 0.07276955991983414 86
1623033364273 0.06326442211866379 86
1623033364281 0.07135627418756485 87
1623033364284 0.0704219713807106 87
1623033364287 0.09647788852453232 87
1623033364296 0.06126759946346283 88
1623033364299 0.08136563003063202 88
1623033364302 0.08723250776529312 88
1623033364311 0.06957228481769562 89
1623033364314 0.07692745327949524 89
1623033364317 0.04849299043416977 89
1623033364325 0.06777279824018478 90
1623033364328 0.07635455578565598 90
1623033364331 0.07140334695577621 90
1623033364346 0.06276100873947144 91
1623033364349 0.07649876177310944 91
1623033364352 0.10301715135574341 91
1623033364359 0.0675649642944336 92
1623033364363 0.0814804956316948 92
1623033364366 0.051033589988946915 92
1623033364374 0.08157883584499359 93
1623033364377 0.06384250521659851 93
1623033364380 0.07543767243623734 93
1623033364388 0.07271533459424973 94
1623033364391 0.0727158859372139 94
1623033364394 0.06554807722568512 94
1623033364402 0.0680837333202362 95
1623033364405 0.08540380001068115 95
1623033364408 0.07310159504413605 95
1623033364416 0.07353959232568741 96
1623033364419 0.06823958456516266 96
1623033364422 0.09491218626499176 96
1623033364430 0.06689612567424774 97
1623033364433 0.082631915807724 97
1623033364436 0.07248694449663162 97
1623033364444 0.08243168890476227 98
1623033364447 0.06907965242862701 98
1623033364449 0.08152316510677338 98
1623033364457 0.07588303089141846 99
1623033364461 0.07013143599033356 99
1623033364463 0.05484326556324959 99
