1623033362789 0.001117854427408289 0
1623033362806 0.001010251431553452 1
1623033362820 0.0011038943021385759 2
1623033362835 0.0007849370991742169 3
1623033362849 0.0010655344636351974 4
1623033362865 0.0008367330111839153 5
1623033362879 0.0009671961267789205 6
1623033362895 0.0007785873418604886 7
1623033362913 0.001043897839608016 8
1623033362928 0.000808257719984761 9
1623033362942 0.0009701098004976908 10
1623033362956 0.0010423796044455634 11
1623033362971 0.0009516363894497906 12
1623033362986 0.0009199251179341916 13
1623033363001 0.0007719362775484721 14
1623033363017 0.0010143103698889413 15
1623033363032 0.0009346984326839447 16
1623033363046 0.0008757871886094412 17
1623033363061 0.0009240420328246223 18
1623033363082 0.0007336281791881278 19
1623033363097 0.0009028355004610839 20
1623033363111 0.0008536791911831609 21
1623033363126 0.000785021980603536 22
1623033363141 0.0008699496311170083 23
1623033363156 0.000768366069705398 24
1623033363174 0.0008223817028381207 25
1623033363194 0.0008673643900288476 26
1623033363211 0.0008791699177689023 27
1623033363226 0.0008012327607031222 28
1623033363241 0.0007228174971209632 29
1623033363256 0.000755796084801356 30
1623033363288 0.0008139387049056866 31
1623033363308 0.0008021107702343552 32
1623033363324 0.0008269163469473521 33
1623033363339 0.0007951288863464638 34
1623033363354 0.0007329270657565859 35
1623033363370 0.0006628135357190061 36
1623033363386 0.0008184798061847687 37
1623033363401 0.0008160853275546321 38
1623033363417 0.0007735248103185936 39
1623033363432 0.000907250714522821 40
1623033363447 0.000803017423108772 41
1623033363463 0.0007945727143022749 42
1623033363481 0.0007891255672331209 43
1623033363496 0.0007800806313753128 44
1623033363511 0.0008802227675914764 45
1623033363526 0.0007979842799681205 46
1623033363541 0.0008896872401237488 47
1623033363555 0.000900938030746248 48
1623033363570 0.000693146981022976 49
1623033363585 0.0008277534610695309 50
1623033363600 0.0008035481527999595 51
1623033363615 0.0007905330370973658 52
1623033363631 0.0007904128343970687 53
1623033363647 0.0008411603117430651 54
1623033363662 0.00071474090218544 55
1623033363693 0.0008269313032980318 56
1623033363708 0.0007278255152481574 57
1623033363723 0.0007832767786803069 58
1623033363740 0.0008847018082936605 59
1623033363755 0.0009684690170817905 60
1623033363770 0.0008027184616636347 61
1623033363800 0.0008032437827852038 62
1623033363831 0.0008126737342940436 63
1623033363867 0.0008949568426167523 64
1623033363893 0.0007596078018347422 65
1623033363910 0.0007994162815588492 66
1623033363924 0.0007855230735407936 67
1623033363938 0.0008207686245441437 68
1623033363953 0.0008259384168518915 69
1623033363973 0.0009795121020740932 70
1623033364002 0.0008580929979130074 71
1623033364026 0.0008743264608912998 72
1623033364052 0.0008297474020057254 73
1623033364070 0.0007294431190799784 74
1623033364090 0.000795415347373044 75
1623033364136 0.000704767182469368 76
1623033364150 0.0008063501781887478 77
1623033364164 0.0008299678564071655 78
1623033364178 0.0007560180983057728 79
1623033364191 0.0008034106481958318 80
1623033364206 0.000666128154154177 81
1623033364220 0.0008474057195363221 82
1623033364234 0.0007203177445464664 83
1623033364247 0.0007409037815199957 84
1623033364261 0.000806597896196224 85
1623033364275 0.0007662602320865348 86
1623033364289 0.0008824301262696584 87
1623033364305 0.0008513545824421776 88
1623033364319 0.0007221952908568912 89
1623033364333 0.0007982618554874702 90
1623033364353 0.0008973219328456455 91
1623033364368 0.0007410335182039826 92
1623033364382 0.0008179963462882572 93
1623033364395 0.0007814048065079583 94
1623033364410 0.0008392189939816793 95
1623033364424 0.0008766346783549697 96
1623033364438 0.0008222777258466791 97
1623033364451 0.000863090764593195 98
1623033364465 0.00074391752757408 99
